39
45
-66049
-131841
-66049
-66049
-257
-257
-257
-257
-65793
-131841
-66049
-197633
-1
-257
-1
-257
-1
-257
-1
-257
-1
-65793
-1
-65793
-1
-65793
-257
-1
-1
-131841
-257
-131585
-1
-257
-257
-1
-1
-131841
-257
-131585
-1
-257
-257
-257
-1118733
-66049
-257
-257
-66049
-395011
-723976
-257
-257
-65793
-131841
-66049
-197633
-131585
-1
-131587
-1
-131585
-1
-131587
-1
-131587
-1
-131587
-65794
-131587
-1
-131585
-263173
-65794
-66049
-131585
-65794
-131587
-257
-131841
-1
-131587
-131841
-131841
-65794
-131585
-66049
-131841
-1
-1052941
-131585
-197380
-131585
-131585
-1
-16777212
-1
-1
-131587
-197380
-131585
-263171
-65794
-1
-1
-65793
-65794
-1
-1
-1
-65796
-131587
-65794
-131585
-65796
-65794
-65794
-197378
-16711421
-1
-65794
-197378
-65796
-1
-65794
-1
-65796
-197378
-131587
-197378
-65794
-65793
-131587
-65793
-1118480
-65793
-1
-257
-257
-257
-16777212
-723976
-257
-65794
-1
-65793
-131841
-65794
-1
-131587
-1
-65794
-1
-131587
-257
-65796
-1
-131587
-1
-65796
-1
-131587
-16777212
-16514042
-131585
-131587
-65793
-65796
-1
-131587
-257
-65796
-131585
-131587
-65793
-65794
-65793
-131587
-257
-986894
-131841
-197633
-131841
-197633
-257
-16777211
-15527398
-395010
-197633
-1282
-328705
-394498
-196609
-1
-513
-196609
-196609
-257
-769
-257
-65793
-131585
-65793
-131585
-513
-197121
-196609
-16055035
-16711675
-1
-65793
-197380
-65794
-257
-66049
-1
-65794
-197633
-66049
-197378
-65793
-66049
-66049
-65793
-1184527
-1
-131841
-197633
-329218
-460550
-16580089
-16777211
-16711675
-16514042
-257
-15988211
-15856112
-16777216
-394759
-16515072
-16382458
-16776960
-15134701
-16776960
-16448251
-1
-3
-1
-3
-257
-16579839
-16776703
-8821665
-16777216
-65794
-1
-263175
-1
-66049
-257
-1
-1
-329218
-257
-263173
-1
-263425
-257
-197378
-1316113
-197378
-16777212
-257
-257
-1
-16448503
-16645881
-16382710
-16777209
-16645879
-8492700
-11718105
-11914964
-16711675
-11783896
-8426652
-8492445
-8230298
-16646141
-16580606
-16777216
-16645888
-16515071
-16645632
-16711168
-8296091
-8492698
-11783898
-16711423
-1
-1
-1
-3
-131585
-1
-65793
-3
-1
-1
-1
-1
-263171
-1
-263171
-1447445
-657929
-16448503
-16053745
-395011
-131587
-65793
-16382709
-16316917
-16252151
-8690075
-12243418
-16119286
-16515071
-11718873
-8493466
-8493470
-11784415
-11653082
-8559261
-11784415
-16777214
-16448764
-11719390
-8557727
-8559263
-11455444
-11850200
-16777214
-3
-328964
-1
-263173
-3
-65793
-1
-1
-3
-328964
-1
-263173
-3
-263171
-1
-197378
-1447447
-197378
-16777212
-16645628
-1
-197378
-65793
-257
-16711675
-8361882
-11914451
-16777212
-16449280
-11718362
-8296089
-8296349
-11784668
-11652829
-11456218
-11195099
-11587806
-16776703
-8427422
-8361629
-11522276
-11456730
-16777216
-16711421
-16776960
-3
-1
-1
-3
-3
-131585
-65793
-65794
-3
-1
-65793
-1
-1
-263171
-65793
-263173
-1447447
-1
-16054520
-9016214
-16777209
-1
-257
-257
-16711676
-7901329
-16710912
-16777216
-11391187
-8491934
-7901331
-11194077
-11718622
-16318197
-16449265
-11325414
-16580608
-11391204
-11785698
-11456733
-16776192
-16711421
-131074
-263173
-3
-263173
-1
-263171
-131589
-263173
-257
-263425
-3
-263173
-66049
-263425
-65796
-263173
-257
-263425
-1
-1052687
-197633
-16318462
-8296089
-11849941
-16711678
-65793
-257
-16382710
-16711421
-16777212
-16776957
-11718103
-8557981
-11653599
-11456731
-16710144
-8453632
-1112575
-16776957
-16776960
-16776955
-16580350
-16646141
-11522524
-11325663
-16777216
-1
-131585
-3
-1
-1
-1
-3
-131585
-1
-65793
-3
-1
-1
-1
-3
-263171
-1
-263171
-1447445
-1
-395010
-15858424
-8491924
-11651791
-16777212
-16711674
-16711675
-8295571
-8361882
-11192532
-16580608
-8165016
-11588059
-11456730
-1181193
-7995391
-1962752
-16383485
-11194329
-16645888
-11719903
-11390425
-11719140
-16514816
-131078
-263171
-1
-328968
-1
-263173
-131587
-328968
-1
-263173
-1
-328968
-65793
-263173
-65794
-328968
-1
-263173
-1
-1052689
-1
-131841
-16384000
-8623510
-11587030
-11981275
-8492696
-8426905
-11522523
-11587289
-11521497
-16580608
-16646143
-16711423
-16776703
-8388605
-8453632
-1308672
-16711678
-11391708
-16645888
-11522526
-11456731
-16579326
-16628861
-16515072
-1
-131589
-3
-1
-1
-3
-3
-131585
-65794
-65796
-3
-1
-65794
-3
-3
-263171
-65794
-263175
-1447449
-197633
-1
-329218
-16710910
-11060943
-8361880
-11915484
-12113372
-11719645
-11587804
-11850208
-11522777
-11850210
-11982047
-16776703
-16315386
-16646139
-16642548
-12046550
-8821414
-11326687
-16186110
-16384000
-16102012
-16432006
-16580608
-1
-65542
-1
-197378
-1
-328714
-1
-257
-257
-65796
-1
-263425
-257
-328968
-1
-197633
-257
-197380
-1250068
-1
-131841
-16384000
-8689556
-8492700
-11652570
-11586779
-11652569
-11718876
-11587036
-11718624
-11587036
-11652833
-11653599
-11522015
-11653349
-11652831
-8558491
-8492700
-8558240
-8492195
-11652570
-16711423
-761555
-1024469
-16777212
-1
-131587
-3
-1
-1
-1
-3
-131585
-1
-65794
-3
-1
-1
-1
-3
-263171
-1
-263173
-1447447
-197378
-257
-16384000
-8557972
-8624282
-12047840
-11784668
-12048092
-11719643
-11588059
-11719390
-11588059
-11719390
-11784415
-11260381
-11325145
-11522524
-10930389
-11456479
-11127516
-8624286
-8231583
-16711424
-1023974
-16563846
-16449280
-1
-3
-3
-197378
-1
-328968
-3
-1
-1
-65796
-3
-263171
-1
-328968
-3
-197378
-1
-197382
-1184277
-1
-131841
-16384000
-8689558
-8492950
-11587287
-11586776
-11587541
-11719127
-11456471
-11718875
-11456473
-11653083
-11652569
-16777212
-16645371
-526086
-16776960
-16776703
-16776960
-16711421
-16710912
-16776704
-16236932
-16776701
-196867
-1
-131587
-3
-1
-1
-1
-3
-131585
-65794
-65794
-3
-1
-65794
-1
-3
-263171
-65794
-263173
-1447447
-66049
-263171
-1
-16383737
-8362909
-11720152
-11587028
-11324366
-11193808
-11325394
-11588055
-11719125
-16777216
-16776704
-1808868
-1612744
-15794176
-434158
-485622
-27642
-28141
-28142
-4240384
-3586816
-16318454
-3
-131589
-5
-131587
-131585
-131585
-65542
-131587
-257
-131841
-5
-131587
-131841
-131841
-65796
-131587
-66049
-131841
-3
-1184275
-1
-1
-197378
-16777214
-16777214
-4014906
-16514553
-16317176
-16383994
-526858
-16711680
-16776699
-526086
-16711675
-289775
-355817
-551668
-618728
-16482060
-29168
-617952
-94706
-16515069
-5090792
-16760450
-16777216
-1
-131587
-3
-1
-1
-1
-3
-131585
-1
-65794
-3
-1
-257
-3
-1
-263171
-257
-263173
-1447445
-65793
-197380
-1
-263173
-394759
-15663102
-815590
-421862
-488179
-16383996
-552683
-815588
-16449531
-29670
-159970
-15893514
-419580
-27118
-16156419
-27891
-486115
-16383488
-5223400
-15714178
-16758914
-15924215
-131338
-3
-131589
-131585
-131587
-65794
-131589
-1
-131587
-1
-393729
-16314620
-16252927
-16514048
-16645119
-16448243
-16645879
-196609
-1380876
-1
-1
-1
-1
-197380
-774
-16776947
-16515072
-289262
-27103
-159214
-26098
-290034
-815079
-16744193
-15842713
-1205975
-16759669
-15973794
-16121856
-15663104
-3192826
-16170650
-16759670
-16777203
-4503036
-16775935
-131589
-3
-1
-1
-1
-3
-131585
-1
-16711421
-16776448
-615905
-16612878
-1075429
-486115
-552935
-486122
-15138816
-1511182
-257
-257
-1
-1
-1
-65794
-3
-3
-16515072
-16711680
-16776960
-16776960
-16776960
-15925241
-16760199
-893166
-16498823
-16562550
-762586
-3259646
-4370944
-15990784
-16776701
-4373504
-3912960
-30709
-681712
-16120576
-5
-65794
-1
-65542
-5
-1
-16776439
-484860
-27904
-421632
-551668
-16363916
-3381167
-15728640
-16515072
-787458
-1315849
-1
-1
-1
-1
-197380
-65794
-197380
-65794
-1
-65794
-1
-65793
-1
-1
-16711424
-16711675
-15728640
-1351374
-16449280
-16187381
-16449533
-16678417
-16743681
-680192
-15990778
-681459
-290285
-16776954
-16449536
-519
-1
-5
-769
-16645120
-16743688
-16416006
-16106617
-1140454
-1285597
-14993561
-16776691
-65793
-1
-263171
-1447445
-257
-1
-1
-1
-1
-1
-1282
-16580350
-16777214
-16318203
-1
-131585
-1
-132098
-16449536
-16120064
-420832
-15662592
-16776696
-617457
-28155
-16025613
-944106
-240605
-16776177
-16776440
-1351390
-1746157
-4110333
-16777197
-16646141
-16054004
-16186880
-29681
-486124
-29936
-16349973
-15909772
-1416153
-16318464
-131841
-131585
-1
-1
-986896
-1
-1
-257
-257
-197380
-257
-16121594
-1205235
-1206247
-1612254
-16711674
-16777212
-16777214
-16383998
-4567808
-16515072
-499951
-354804
-4306682
-223982
-617711
-1219034
-827615
-16383986
-551917
-94189
-15728640
-16580608
-28913
-28669
-16774652
-16482563
-682474
-28401
-616946
-158446
-1743329
-16563104
-16383744
-262145
-1
-263171
-65794
-263425
-1447445
-263425
-329217
-263171
-328964
-526343
-16777214
-2561
-748770
-2072802
-16383998
-421361
-1486307
-632791
-3588096
-16580089
-15595775
-5289971
-42200
-16449525
-4632320
-1219788
-631014
-16187392
-16515072
-263425
-630234
-552947
-486400
-3717630
-27875
-16711660
-16760191
-15959041
-225247
-16678401
-223980
-1417696
-1546702
-16711673
-526347
-197378
-263425
-197633
-263173
-1315861
-1
-1
-1
-1
-1
-16711421
-721679
-16774144
-16777214
-131849
-421358
-16318449
-4240896
-16777216
-16711423
-1
-16777207
-16252917
-747493
-159214
-16580604
-16776703
-878062
-16383998
-460554
-16515069
-16449533
-290012
-3979513
-16710392
-3652352
-16367742
-16171909
-486122
-28410
-16106122
-1089496
-15663104
-257
-1
-3
-263171
-1
-263173
-1447447
-263425
-328966
-263425
-329218
-1
-16777211
-16514304
-2792909
-16053491
-395021
-16777207
-16775936
-16645371
-16777216
-257
-16120828
-4634359
-26853
-28656
-354806
-29177
-16776702
-132627
-16318464
-16187392
-16432761
-16580608
-983054
-16776177
-4174079
-16775670
-4830976
-16630401
-1472240
-1219539
-16763542
-16760456
-16711676
-263425
-329218
-197380
-263171
-263173
-263425
-1315859
-1
-1
-257
-257
-197378
-257
-16775680
-4668234
-16777212
-16711675
-257
-66049
-1
-1
-16776957
-16759671
-16252928
-223992
-290034
-354804
-682221
-16711423
-16711421
-15303959
-16759928
-16449280
-16760696
-16580608
-16301442
-16237700
-16775936
-4372477
-16172160
-1546951
-1547477
-16236930
-16580601
-66049
-65794
-257
-1
-263171
-65794
-263425
-1447699
-257
-66049
-1
-66049
-1
-65793
-16251123
-16119537
-1
-1
-65793
-131585
-12
-16711669
-16220941
-748516
-15925248
-289272
-289772
-354804
-616683
-615915
-15566353
-16172160
-16186108
-16759417
-550367
-945144
-28634
-694475
-16693886
-15595511
-4110333
-1616596
-1284569
-15925248
-263175
-1
-257
-65796
-1
-257
-257
-1
-1118480
-3
-1
-1
-1
-197380
-65794
-197380
-65794
-1
-65794
-1
-197378
-16121856
-355063
-93934
-16433531
-565734
-3587063
-28404
-681201
-355316
-15893262
-16564095
-762576
-16646136
-291291
-15371269
-15763458
-15844233
-2333900
-1024968
-16711675
-4045302
-16776955
-16711675
-65796
-3
-1
-1
-1
-3
-263171
-1
-263173
-1447447
-257
-65794
-257
-66049
-1
-1
-257
-257
-65794
-131587
-65793
-1250066
-16121344
-225787
-28646
-232661
-696027
-16448251
-4241919
-2008041
-1876681
-1482962
-500444
-1022929
-16317427
-15452028
-288496
-355817
-616170
-15842443
-892379
-16580608
-16777211
-17
-329218
-263175
-3
-65793
-1
-66049
-1
-1
-1
-257
-1052687
-1
-1
-257
-257
-197380
-65794
-197633
-66049
-1
-65794
-257
-263425
-16515062
-16056320
-28663
-1351651
-4306682
-4437492
-16776179
-16187136
-4306685
-3521018
-3848448
-3979264
-16711161
-1219804
-355555
-28402
-2005210
-1089257
-4438005
-16777214
-1
-131587
-65794
-66049
-3
-1
-65794
-257
-1
-263171
-65794
-263425
-1447699
-197633
-197633
-197633
-197633
-65793
-257
-66049
-1
-197378
-263425
-197378
-1
-515
-15396074
-16776174
-15990784
-3979513
-4895987
-3717366
-5028592
-16121856
-16384000
-16252928
-15859456
-16776703
-16318457
-1481936
-1547486
-1874648
-1416397
-4699627
-3847915
-16580096
-855049
-131841
-1
-131587
-263425
-131841
-263173
-131585
-131841
-131841
-131585
-1250320
-1
-1
-1
-1
-197380
-65793
-197378
-65793
-1
-65794
-327937
-16776448
-16121847
-1075431
-814050
-2136016
-16056064
-4699132
-4568817
-16449533
-16776957
-3
-3
-1
-1
-16711424
-16775935
-16187136
-4503788
-4830445
-2332879
-5092591
-16777212
-16776433
-1
-65794
-3
-1
-1
-1
-1
-263171
-1
-263171
-1447445
-197633
-197380
-197633
-197633
-65794
-1
-66049
-257
-131841
-16645882
-16580352
-1993185
-292069
-1349080
-1351376
-1417670
-827086
-1351376
-1089480
-4702705
-4371187
-16645628
-131585
-197633
-131587
-16776958
-1088453
-945634
-28894
-551907
-1075682
-1548242
-5026028
-16121856
-131841
-257
-131589
-263171
-131587
-263425
-131587
-131585
-197380
-131841
-1184273
-1
-1
-257
-257
-197380
-65794
-197633
-257
-16777211
-4079418
-4667723
-16776192
-3882827
-3752771
-16056320
-1221068
-1286099
-4306685
-4110838
-4568565
-5157615
-16579839
-1
-65793
-16777197
-747241
-1206747
-225247
-29412
-290024
-421351
-94437
-2594511
-1744841
-16252925
-131585
-3
-1
-65794
-257
-1
-263171
-65794
-263425
-1447699
-66049
-131841
-66049
-131841
-1
-257
-1
-592136
-16777212
-16514296
-16777209
-16777211
-16777212
-16777212
-16711413
-15925241
-15925248
-15924989
-16252928
-15990016
-15859712
-526345
-65794
-16777214
-331011
-3029826
-16318464
-133662
-2066
-4081487
-16318464
-524
-3491893
-2399164
-16645881
-197378
-65794
-131841
-66049
-131587
-65793
-66049
-66049
-65793
-1184527
-197378
-66049
-66049
-131841
-1
-257
-257
-987148
-395010
-66049
-329217
-257
-257
-395011
-1
-591109
-1025
-197891
-514
-328453
-769
-197378
-65793
-16448503
-16776957
-16711678
-16711424
-16447990
-16711168
-16777216
-16711423
-16513017
-16515072
-15203584
-655361
-257
-65794
-263425
-66049
-131585
-65793
-197633
-66049
-66049
-1118733
